1.786706846106967062e+00
3.615467579284462829e+00
1.124554690490387143e+00
5.800103579239547225e-01
1.367926021264814551e+00
2.026186600406322480e+00
8.141283105173785506e-02
2.064635882778607934e-01
3.566297937277200236e-01
2.546027287648071180e+00
3.678731466218371909e-02
1.258016942729809351e-01
5.672301847282872345e-01
5.449301455003978667e-01
2.529051004937727054e+00
1.258435367920298420e+00
1.616986036502594537e+00
1.291162293716307419e+00
1.967889724066308910e+00
4.397690155876695095e-01